initialvorticityfile = /home/adegennaro/Projects/navierstokes2d/src/omega256_256.csv
outputfile           = /home/adegennaro/Projects/navierstokes2d/output/out
dt                   = 0.01
tsteps               = 10001
tsave                = 100
mu                   = 0.001
xmin                 = 0
xmax                 = 6.283185307179586
ymin                 = 0
ymax                 = 6.283185307179586
nx                   = 256
ny                   = 256
