8.480497247111379311e-02,9.160089441258498222e-02,9.869568433421301024e-02,1.060758847682737455e-01,1.137248086436105643e-01,1.216224697785576042e-01,1.297455506838258721e-01,1.380674108583823112e-01,1.465581382590838422e-01,1.551846460327800936e-01,1.639108159253013230e-01,1.726976890353482397e-01,1.815037037754350935e-01,1.902849800516296375e-01,1.989956477958226277e-01,2.075882170972407903e-01,2.160139863036994179e-01,2.242234836182287194e-01,2.321669369239436342e-01,2.397947658497385504e-01,2.470580894609914757e-01,2.539092424408481707e-01,2.603022922346124313e-01,2.661935493754932214e-01,2.715420631045704081e-01,2.763100944480458288e-01,2.804635591236078196e-01,2.839724330141388253e-01,2.868111134661357475e-01,2.889587303332873391e-01,2.903994014800944656e-01,2.911224283702106286e-01,2.911224283702106286e-01,2.903994014800944656e-01,2.889587303332873391e-01,2.868111134661357475e-01,2.839724330141388253e-01,2.804635591236077641e-01,2.763100944480458288e-01,2.715420631045704081e-01,2.661935493754931659e-01,2.603022922346124313e-01,2.539092424408481152e-01,2.470580894609914757e-01,2.397947658497384948e-01,2.321669369239436342e-01,2.242234836182286639e-01,2.160139863036994179e-01,2.075882170972407348e-01,1.989956477958225445e-01,1.902849800516296097e-01,1.815037037754350657e-01,1.726976890353482397e-01,1.639108159253012953e-01,1.551846460327800936e-01,1.465581382590837589e-01,1.380674108583822557e-01,1.297455506838258721e-01,1.216224697785575487e-01,1.137248086436105643e-01,1.060758847682737455e-01,9.869568433421301024e-02,9.160089441258494058e-02,8.480497247111379311e-02
9.160089441258498222e-02,9.894141360689179265e-02,1.066047508329240334e-01,1.145763701968048609e-01,1.228382473940798081e-01,1.313687946326285161e-01,1.401428258554063555e-01,1.491315657011210438e-01,1.583027050984319728e-01,1.676205057497658635e-01,1.770459550325113873e-01,1.865369720391420738e-01,1.960486646073711647e-01,2.055336362728878152e-01,2.149423411288526320e-01,2.242234836182287194e-01,2.333244593385913335e-01,2.421918320264929148e-01,2.507718410321668756e-01,2.590109328173448855e-01,2.668563093302072642e-01,2.742564855513136557e-01,2.811618480798194764e-01,2.875252063546308579e-01,2.933023279913172243e-01,2.984524497698290979e-01,3.029387560335585206e-01,3.067288166560424578e-01,3.097949772923543343e-01,3.121146953484346676e-01,3.136708159597217938e-01,3.144517832531378843e-01,3.144517832531378843e-01,3.136708159597217938e-01,3.121146953484346676e-01,3.097949772923543343e-01,3.067288166560424578e-01,3.029387560335584095e-01,2.984524497698290979e-01,2.933023279913172243e-01,2.875252063546308023e-01,2.811618480798194764e-01,2.742564855513136002e-01,2.668563093302072642e-01,2.590109328173448300e-01,2.507718410321668756e-01,2.421918320264928592e-01,2.333244593385913335e-01,2.242234836182286639e-01,2.149423411288525210e-01,2.055336362728877597e-01,1.960486646073711370e-01,1.865369720391420738e-01,1.770459550325113596e-01,1.676205057497658635e-01,1.583027050984319173e-01,1.491315657011209606e-01,1.401428258554063000e-01,1.313687946326284051e-01,1.228382473940798081e-01,1.145763701968048054e-01,1.066047508329240334e-01,9.894141360689179265e-02,9.160089441258498222e-02
9.869568433421301024e-02,1.066047508329240334e-01,1.148616386794599903e-01,1.234506861272542388e-01,1.323524728303135112e-01,1.415437389511629007e-01,1.509973476899749145e-01,1.606822949392796851e-01,1.705637691841174197e-01,1.806032640784688559e-01,1.907587453440555691e-01,2.009848727689464432e-01,2.112332771455421587e-01,2.214528909978079052e-01,2.315903309258016962e-01,2.415903283632335474e-01,2.513962045240544785e-01,2.609503843308262905e-01,2.701949431950065872e-01,2.790721796810164412e-01,2.875252063546308579e-01,2.954985505126712653e-01,3.029387560335585206e-01,3.097949772923543343e-01,3.160195559612762883e-01,3.215685715750902784e-01,3.264023569837489758e-01,3.304859702410538058e-01,3.337896150822973196e-01,3.362890029155216065e-01,3.379656501755996523e-01,3.388071059491553627e-01,3.388071059491553627e-01,3.379656501755996523e-01,3.362890029155216065e-01,3.337896150822973196e-01,3.304859702410538058e-01,3.264023569837489758e-01,3.215685715750902784e-01,3.160195559612762883e-01,3.097949772923542788e-01,3.029387560335584095e-01,2.954985505126712098e-01,2.875252063546308023e-01,2.790721796810163857e-01,2.701949431950065872e-01,2.609503843308262350e-01,2.513962045240544785e-01,2.415903283632334919e-01,2.315903309258015852e-01,2.214528909978079052e-01,2.112332771455421310e-01,2.009848727689464432e-01,1.907587453440555136e-01,1.806032640784688559e-01,1.705637691841174197e-01,1.606822949392795741e-01,1.509973476899748313e-01,1.415437389511627897e-01,1.323524728303135112e-01,1.234506861272541833e-01,1.148616386794599903e-01,1.066047508329239779e-01,9.869568433421301024e-02
1.060758847682737455e-01,1.145763701968048609e-01,1.234506861272542388e-01,1.326819996693563708e-01,1.422494382753637376e-01,1.521280027990992711e-01,1.622885272231134879e-01,1.726976890353482397e-01,1.833180736084629170e-01,1.941082951944307911e-01,2.050231763035869070e-01,2.160139863036993624e-01,2.270287390666384797e-01,2.380125484265114277e-01,2.489080391148960347e-01,2.596558097293031331e-01,2.701949431950065872e-01,2.804635591236077641e-01,2.903994014800944101e-01,2.999404540692021115e-01,3.090255755658736780e-01,3.175951451659184133e-01,3.255917094413465773e-01,3.329606206667962143e-01,3.396506567516540120e-01,3.456146129752620810e-01,3.508098559837316555e-01,3.551988309651828435e-01,3.587495135695848991e-01,3.614357989687573269e-01,3.632378214457971377e-01,3.641421990411846110e-01,3.641421990411846110e-01,3.632378214457971377e-01,3.614357989687573269e-01,3.587495135695848991e-01,3.551988309651828435e-01,3.508098559837316555e-01,3.456146129752620810e-01,3.396506567516540120e-01,3.329606206667961588e-01,3.255917094413465218e-01,3.175951451659183022e-01,3.090255755658735670e-01,2.999404540692020560e-01,2.903994014800944101e-01,2.804635591236077086e-01,2.701949431950065872e-01,2.596558097293030776e-01,2.489080391148959237e-01,2.380125484265114277e-01,2.270287390666384242e-01,2.160139863036993624e-01,2.050231763035868515e-01,1.941082951944307911e-01,1.833180736084629170e-01,1.726976890353481286e-01,1.622885272231134324e-01,1.521280027990991879e-01,1.422494382753637376e-01,1.326819996693563153e-01,1.234506861272542388e-01,1.145763701968048054e-01,1.060758847682737455e-01
1.137248086436105643e-01,1.228382473940798081e-01,1.323524728303135112e-01,1.422494382753637376e-01,1.525067661030275745e-01,1.630976545277583456e-01,1.739908344278269237e-01,1.851505804702264502e-01,1.965367801322656094e-01,2.081050634208474470e-01,2.198069951861886251e-01,2.315903309258016407e-01,2.433993358938807972e-01,2.551751661908254754e-01,2.668563093302072642e-01,2.783790805909796551e-01,2.896781702877085363e-01,3.006872359586287846e-01,3.113395324082219306e-01,3.215685715750902784e-01,3.313088033532177179e-01,3.404963077992299580e-01,3.490694886311978551e-01,3.569697575835305559e-01,3.641421990411846665e-01,3.705362044437354729e-01,3.761060662298137958e-01,3.808115215837568623e-01,3.846182369425016345e-01,3.874982251099383102e-01,3.894301878913049575e-01,3.903997783802429788e-01,3.903997783802429788e-01,3.894301878913049575e-01,3.874982251099383102e-01,3.846182369425016345e-01,3.808115215837568623e-01,3.761060662298137958e-01,3.705362044437354174e-01,3.641421990411846110e-01,3.569697575835305559e-01,3.490694886311977441e-01,3.404963077992299025e-01,3.313088033532177179e-01,3.215685715750902784e-01,3.113395324082219306e-01,3.006872359586287846e-01,2.896781702877085363e-01,2.783790805909795996e-01,2.668563093302072087e-01,2.551751661908254198e-01,2.433993358938806861e-01,2.315903309258016407e-01,2.198069951861886251e-01,2.081050634208474470e-01,1.965367801322655816e-01,1.851505804702263114e-01,1.739908344278268404e-01,1.630976545277582623e-01,1.525067661030275745e-01,1.422494382753636821e-01,1.323524728303135112e-01,1.228382473940798081e-01,1.137248086436105643e-01
1.216224697785576042e-01,1.313687946326285161e-01,1.415437389511629007e-01,1.521280027990992711e-01,1.630976545277583456e-01,1.744240310917453129e-01,1.860736918736798640e-01,1.980084305816738888e-01,2.101853490641547861e-01,2.225569960375470280e-01,2.350715727552886714e-01,2.476732065762148605e-01,2.603022922346124868e-01,2.728958993946456468e-01,2.853882438126574828e-01,2.977112181587414641e-01,3.097949772923543899e-01,3.215685715750904450e-01,3.329606206667963253e-01,3.439000192182137816e-01,3.543166649721215533e-01,3.641421990411847776e-01,3.733107475670363051e-01,3.817596536004477792e-01,3.894301878913050685e-01,3.962682273491043294e-01,4.022248902340773147e-01,4.072571176645294333e-01,4.113281917704916246e-01,4.144081817747337637e-01,4.164743104215306579e-01,4.175112344783386553e-01,4.175112344783386553e-01,4.164743104215306579e-01,4.144081817747337637e-01,4.113281917704916246e-01,4.072571176645294333e-01,4.022248902340772592e-01,3.962682273491042739e-01,3.894301878913050685e-01,3.817596536004477237e-01,3.733107475670362496e-01,3.641421990411846665e-01,3.543166649721215533e-01,3.439000192182136706e-01,3.329606206667963253e-01,3.215685715750903895e-01,3.097949772923543899e-01,2.977112181587414086e-01,2.853882438126573717e-01,2.728958993946455913e-01,2.603022922346124313e-01,2.476732065762148605e-01,2.350715727552886158e-01,2.225569960375470280e-01,2.101853490641547029e-01,1.980084305816737777e-01,1.860736918736798085e-01,1.744240310917452019e-01,1.630976545277583456e-01,1.521280027990992434e-01,1.415437389511629007e-01,1.313687946326285161e-01,1.216224697785576042e-01
1.297455506838258721e-01,1.401428258554063555e-01,1.509973476899749145e-01,1.622885272231134879e-01,1.739908344278269237e-01,1.860736918736798640e-01,1.985014254675124268e-01,2.112332771455422697e-01,2.242234836182287194e-01,2.374214243634812094e-01,2.507718410321669311e-01,2.642151292879382773e-01,2.776877028704795025e-01,2.911224283702106841e-01,3.044491278591954231e-01,3.175951451659185243e-01,3.304859702410538613e-01,3.430459147687618948e-01,3.551988309651828990e-01,3.668688644038044511e-01,3.779812307459767262e-01,3.884630054614088279e-01,3.982439150221495083e-01,4.072571176645294888e-01,4.154399616523097305e-01,4.227347090510860661e-01,4.290892133433923394e-01,4.344575397745118472e-01,4.388005181132550447e-01,4.420862185264161082e-01,4.442903424810634716e-01,4.453965219807300424e-01,4.453965219807300424e-01,4.442903424810634716e-01,4.420862185264161082e-01,4.388005181132550447e-01,4.344575397745118472e-01,4.290892133433922839e-01,4.227347090510860106e-01,4.154399616523096750e-01,4.072571176645294333e-01,3.982439150221495083e-01,3.884630054614087724e-01,3.779812307459766707e-01,3.668688644038043956e-01,3.551988309651828990e-01,3.430459147687618393e-01,3.304859702410538613e-01,3.175951451659184688e-01,3.044491278591953121e-01,2.911224283702106841e-01,2.776877028704794470e-01,2.642151292879382773e-01,2.507718410321668756e-01,2.374214243634812094e-01,2.242234836182287194e-01,2.112332771455421310e-01,1.985014254675123158e-01,1.860736918736797252e-01,1.739908344278269237e-01,1.622885272231134601e-01,1.509973476899749145e-01,1.401428258554063000e-01,1.297455506838258721e-01
1.380674108583823112e-01,1.491315657011210438e-01,1.606822949392796851e-01,1.726976890353482397e-01,1.851505804702264502e-01,1.980084305816738888e-01,2.112332771455422697e-01,2.247817478819469361e-01,2.386051442508153042e-01,2.526495989373567785e-01,2.668563093302072642e-01,2.811618480798194764e-01,2.954985505126713763e-01,3.097949772923543899e-01,3.239764492891526459e-01,3.379656501755997078e-01,3.516832908389733725e-01,3.650488283262000588e-01,3.779812307459766707e-01,3.903997783802430899e-01,4.022248902340772592e-01,4.133789644087454973e-01,4.237872200427462710e-01,4.333785281517067434e-01,4.420862185264160527e-01,4.498488499300108412e-01,4.566109311752105104e-01,4.623235812590155702e-01,4.669451175774788076e-01,4.704415623226781973e-01,4.727870584574218604e-01,4.739641881444024984e-01,4.739641881444024984e-01,4.727870584574218604e-01,4.704415623226781973e-01,4.669451175774788076e-01,4.623235812590155702e-01,4.566109311752105104e-01,4.498488499300108412e-01,4.420862185264159971e-01,4.333785281517067434e-01,4.237872200427462155e-01,4.133789644087454418e-01,4.022248902340772592e-01,3.903997783802429788e-01,3.779812307459766707e-01,3.650488283262000588e-01,3.516832908389733725e-01,3.379656501755996523e-01,3.239764492891525904e-01,3.097949772923543343e-01,2.954985505126712098e-01,2.811618480798194764e-01,2.668563093302072642e-01,2.526495989373567785e-01,2.386051442508152487e-01,2.247817478819467973e-01,2.112332771455421587e-01,1.980084305816737777e-01,1.851505804702264502e-01,1.726976890353481564e-01,1.606822949392796851e-01,1.491315657011210438e-01,1.380674108583823112e-01
1.465581382590838422e-01,1.583027050984319728e-01,1.705637691841174197e-01,1.833180736084629170e-01,1.965367801322656094e-01,2.101853490641547861e-01,2.242234836182287194e-01,2.386051442508153042e-01,2.532786376091919478e-01,2.681867837019352163e-01,2.832671637352640603e-01,2.984524497698291534e-01,3.136708159597219048e-01,3.288464296658178410e-01,3.439000192182137816e-01,3.587495135695850101e-01,3.733107475670362496e-01,3.874982251099383657e-01,4.012259310912130728e-01,4.144081817747337082e-01,4.269605021755341068e-01,4.388005181132549892e-01,4.498488499300108412e-01,4.600299944244226058e-01,4.692731813714345335e-01,4.775131910842934646e-01,4.846911198358483941e-01,4.907550805895329327e-01,4.956608273875622861e-01,4.993722928897855740e-01,5.018620299295748488e-01,5.031115495254071535e-01,5.031115495254071535e-01,5.018620299295748488e-01,4.993722928897855740e-01,4.956608273875622861e-01,4.907550805895329327e-01,4.846911198358483941e-01,4.775131910842934091e-01,4.692731813714344780e-01,4.600299944244226058e-01,4.498488499300108412e-01,4.388005181132548782e-01,4.269605021755341068e-01,4.144081817747335972e-01,4.012259310912130728e-01,3.874982251099383102e-01,3.733107475670362496e-01,3.587495135695848991e-01,3.439000192182136151e-01,3.288464296658178410e-01,3.136708159597217382e-01,2.984524497698291534e-01,2.832671637352639493e-01,2.681867837019352163e-01,2.532786376091918923e-01,2.386051442508151932e-01,2.242234836182286639e-01,2.101853490641546196e-01,1.965367801322656094e-01,1.833180736084629170e-01,1.705637691841174197e-01,1.583027050984319173e-01,1.465581382590838422e-01
1.551846460327800936e-01,1.676205057497658635e-01,1.806032640784688559e-01,1.941082951944307911e-01,2.081050634208474470e-01,2.225569960375470280e-01,2.374214243634812094e-01,2.526495989373567785e-01,2.681867837019352163e-01,2.839724330141388253e-01,2.999404540692021670e-01,3.160195559612763438e-01,3.321336851282341018e-01,3.482025453722659147e-01,3.641421990411847776e-01,3.798657443321981630e-01,3.952840620765210589e-01,4.103066238171810820e-01,4.248423515416983598e-01,4.388005181132549892e-01,4.520916762940769273e-01,4.646286033057285825e-01,4.763272471517976392e-01,4.871076604631406348e-01,4.968949074330164528e-01,5.056199295012974160e-01,5.132203558289669676e-01,5.196412452745851063e-01,5.248357475343833345e-01,5.287656723210043541e-01,5.314019569096593010e-01,5.327250240452930941e-01,5.327250240452930941e-01,5.314019569096593010e-01,5.287656723210043541e-01,5.248357475343833345e-01,5.196412452745851063e-01,5.132203558289669676e-01,5.056199295012974160e-01,4.968949074330163973e-01,4.871076604631406348e-01,4.763272471517975837e-01,4.646286033057284715e-01,4.520916762940769273e-01,4.388005181132548782e-01,4.248423515416983598e-01,4.103066238171810265e-01,3.952840620765210589e-01,3.798657443321981075e-01,3.641421990411846110e-01,3.482025453722659147e-01,3.321336851282339908e-01,3.160195559612763438e-01,2.999404540692020560e-01,2.839724330141388253e-01,2.681867837019351608e-01,2.526495989373566120e-01,2.374214243634811539e-01,2.225569960375468337e-01,2.081050634208474470e-01,1.941082951944307911e-01,1.806032640784688559e-01,1.676205057497657802e-01,1.551846460327800936e-01
1.639108159253013230e-01,1.770459550325113873e-01,1.907587453440555691e-01,2.050231763035869070e-01,2.198069951861886251e-01,2.350715727552886714e-01,2.507718410321669311e-01,2.668563093302072642e-01,2.832671637352640603e-01,2.999404540692021670e-01,3.168063710703915015e-01,3.337896150822973196e-01,3.508098559837317110e-01,3.677822824506680188e-01,3.846182369425016900e-01,4.012259310912130728e-01,4.175112344783385443e-01,4.333785281517067434e-01,4.487316127016457989e-01,4.634746593241952928e-01,4.775131910842934091e-01,4.907550805895329327e-01,5.031115495254071535e-01,5.144981550114998692e-01,5.248357475343832235e-01,5.340513853100180564e-01,5.420791903319485128e-01,5.488611320697613927e-01,5.543477257856724849e-01,5.584986337186909067e-01,5.612831589213095329e-01,5.626806232921073292e-01,5.626806232921073292e-01,5.612831589213095329e-01,5.584986337186909067e-01,5.543477257856724849e-01,5.488611320697613927e-01,5.420791903319484017e-01,5.340513853100179453e-01,5.248357475343832235e-01,5.144981550114998692e-01,5.031115495254070424e-01,4.907550805895328216e-01,4.775131910842934091e-01,4.634746593241951818e-01,4.487316127016457989e-01,4.333785281517066879e-01,4.175112344783385443e-01,4.012259310912130172e-01,3.846182369425015235e-01,3.677822824506679633e-01,3.508098559837316555e-01,3.337896150822973196e-01,3.168063710703914460e-01,2.999404540692021670e-01,2.832671637352639493e-01,2.668563093302071532e-01,2.507718410321668756e-01,2.350715727552885326e-01,2.198069951861886251e-01,2.050231763035868515e-01,1.907587453440555691e-01,1.770459550325113596e-01,1.639108159253013230e-01
1.726976890353482397e-01,1.865369720391420738e-01,2.009848727689464432e-01,2.160139863036993624e-01,2.315903309258016407e-01,2.476732065762148605e-01,2.642151292879382773e-01,2.811618480798194764e-01,2.984524497698291534e-01,3.160195559612763438e-01,3.337896150822973196e-01,3.516832908389733170e-01,3.696159468013606730e-01,3.874982251099383657e-01,4.052367155019879208e-01,4.227347090510860106e-01,4.398930292285525567e-01,4.566109311752105104e-01,4.727870584574218049e-01,4.883204451145599090e-01,5.031115495254071535e-01,5.170633055648528043e-01,5.300821757218717734e-01,5.420791903319485128e-01,5.529709568625028604e-01,5.626806232921074402e-01,5.711387800494110989e-01,5.782842857238287282e-01,5.840650028172359454e-01,5.884384311562019798e-01,5.913722282021034449e-01,5.928446073491634438e-01,5.928446073491634438e-01,5.913722282021034449e-01,5.884384311562019798e-01,5.840650028172359454e-01,5.782842857238287282e-01,5.711387800494110989e-01,5.626806232921073292e-01,5.529709568625028604e-01,5.420791903319485128e-01,5.300821757218717734e-01,5.170633055648526932e-01,5.031115495254070424e-01,4.883204451145597980e-01,4.727870584574218049e-01,4.566109311752103994e-01,4.398930292285525567e-01,4.227347090510859551e-01,4.052367155019876988e-01,3.874982251099383102e-01,3.696159468013606175e-01,3.516832908389733170e-01,3.337896150822972641e-01,3.160195559612763438e-01,2.984524497698289869e-01,2.811618480798193653e-01,2.642151292879382218e-01,2.476732065762146939e-01,2.315903309258016407e-01,2.160139863036993069e-01,2.009848727689464432e-01,1.865369720391420461e-01,1.726976890353482397e-01
1.815037037754350935e-01,1.960486646073711647e-01,2.112332771455421587e-01,2.270287390666384797e-01,2.433993358938807972e-01,2.603022922346124868e-01,2.776877028704795025e-01,2.954985505126713763e-01,3.136708159597219048e-01,3.321336851282341018e-01,3.508098559837317110e-01,3.696159468013606730e-01,3.884630054614088279e-01,4.072571176645293778e-01,4.259001100723951438e-01,4.442903424810634716e-01,4.623235812590156257e-01,4.798939444736147752e-01,4.968949074330164528e-01,5.132203558289669676e-01,5.287656723210043541e-01,5.434288412926074896e-01,5.571115556686335735e-01,5.697203091391633833e-01,5.811674569093243647e-01,5.913722282021034449e-01,6.002616741879709394e-01,6.077715357993195289e-01,6.138470169988196057e-01,6.184434504899262164e-01,6.215268445580862666e-01,6.230743016783631960e-01,6.230743016783631960e-01,6.215268445580862666e-01,6.184434504899262164e-01,6.138470169988196057e-01,6.077715357993195289e-01,6.002616741879708284e-01,5.913722282021034449e-01,5.811674569093243647e-01,5.697203091391632723e-01,5.571115556686334624e-01,5.434288412926073786e-01,5.287656723210043541e-01,5.132203558289668566e-01,4.968949074330164528e-01,4.798939444736147197e-01,4.623235812590156257e-01,4.442903424810633606e-01,4.259001100723950328e-01,4.072571176645293778e-01,3.884630054614086614e-01,3.696159468013606730e-01,3.508098559837316555e-01,3.321336851282341018e-01,3.136708159597217938e-01,2.954985505126711542e-01,2.776877028704794470e-01,2.603022922346123202e-01,2.433993358938807972e-01,2.270287390666384242e-01,2.112332771455421587e-01,1.960486646073711370e-01,1.815037037754350935e-01
1.902849800516296375e-01,2.055336362728878152e-01,2.214528909978079052e-01,2.380125484265114277e-01,2.551751661908254754e-01,2.728958993946456468e-01,2.911224283702106841e-01,3.097949772923543899e-01,3.288464296658178410e-01,3.482025453722659147e-01,3.677822824506680188e-01,3.874982251099383657e-01,4.072571176645293778e-01,4.269605021755341068e-01,4.465054556097766136e-01,4.657854203390797698e-01,4.846911198358483941e-01,5.031115495254071535e-01,5.209350309767319942e-01,5.380503159970357885e-01,5.543477257856725959e-01,5.697203091391633833e-01,5.840650028172360564e-01,5.972837766092251588e-01,6.092847454037140231e-01,6.199832306769424983e-01,6.293027542839298993e-01,6.371759482583846390e-01,6.435453654923232181e-01,6.483641776541180235e-01,6.515967484862651427e-01,6.532190726655389135e-01,6.532190726655389135e-01,6.515967484862650316e-01,6.483641776541180235e-01,6.435453654923231070e-01,6.371759482583846390e-01,6.293027542839298993e-01,6.199832306769424983e-01,6.092847454037140231e-01,5.972837766092251588e-01,5.840650028172359454e-01,5.697203091391631613e-01,5.543477257856724849e-01,5.380503159970356775e-01,5.209350309767319942e-01,5.031115495254070424e-01,4.846911198358483941e-01,4.657854203390796588e-01,4.465054556097763916e-01,4.269605021755340513e-01,4.072571176645293223e-01,3.874982251099383657e-01,3.677822824506679633e-01,3.482025453722659147e-01,3.288464296658178410e-01,3.097949772923542233e-01,2.911224283702105731e-01,2.728958993946454803e-01,2.551751661908254754e-01,2.380125484265113722e-01,2.214528909978079052e-01,2.055336362728877597e-01,1.902849800516296375e-01
1.989956477958226277e-01,2.149423411288526320e-01,2.315903309258016962e-01,2.489080391148960347e-01,2.668563093302072642e-01,2.853882438126574828e-01,3.044491278591954231e-01,3.239764492891526459e-01,3.439000192182137816e-01,3.641421990411847776e-01,3.846182369425016900e-01,4.052367155019879208e-01,4.259001100723951438e-01,4.465054556097766136e-01,4.669451175774788632e-01,4.871076604631407458e-01,5.068788053920355585e-01,5.261424663376160771e-01,5.447818525698918668e-01,5.626806232921074402e-01,5.797240789416485685e-01,5.958003724141714974e-01,6.108017225476722878e-01,6.246256116065439512e-01,6.371759482583846390e-01,6.483641776541180235e-01,6.581103207118502718e-01,6.663439255646541604e-01,6.730049153506351134e-01,6.780443180795449054e-01,6.814248661743785851e-01,6.831214554212116097e-01,6.831214554212116097e-01,6.814248661743785851e-01,6.780443180795449054e-01,6.730049153506350024e-01,6.663439255646541604e-01,6.581103207118502718e-01,6.483641776541180235e-01,6.371759482583846390e-01,6.246256116065438402e-01,6.108017225476722878e-01,5.958003724141713864e-01,5.797240789416484574e-01,5.626806232921073292e-01,5.447818525698918668e-01,5.261424663376159661e-01,5.068788053920355585e-01,4.871076604631406348e-01,4.669451175774786411e-01,4.465054556097765581e-01,4.259001100723950883e-01,4.052367155019879208e-01,3.846182369425015790e-01,3.641421990411847776e-01,3.439000192182136151e-01,3.239764492891524794e-01,3.044491278591953676e-01,2.853882438126573162e-01,2.668563093302072642e-01,2.489080391148959792e-01,2.315903309258016962e-01,2.149423411288525765e-01,1.989956477958226277e-01
2.075882170972407903e-01,2.242234836182287194e-01,2.415903283632335474e-01,2.596558097293031331e-01,2.783790805909796551e-01,2.977112181587414641e-01,3.175951451659185243e-01,3.379656501755997078e-01,3.587495135695850101e-01,3.798657443321981630e-01,4.012259310912130728e-01,4.227347090510860106e-01,4.442903424810634716e-01,4.657854203390797698e-01,4.871076604631407458e-01,5.081408155906120827e-01,5.287656723210043541e-01,5.488611320697615037e-01,5.683053611200121757e-01,5.869769951160951349e-01,6.047563818044626727e-01,6.215268445580863776e-01,6.371759482583847500e-01,6.515967484862651427e-01,6.646890047159035309e-01,6.763603383277734249e-01,6.865273167684535771e-01,6.951164460816255941e-01,7.020650553054486043e-01,7.073220578545834636e-01,7.108485769498051887e-01,7.126184243851509947e-01,7.126184243851509947e-01,7.108485769498051887e-01,7.073220578545834636e-01,7.020650553054486043e-01,6.951164460816255941e-01,6.865273167684534661e-01,6.763603383277734249e-01,6.646890047159035309e-01,6.515967484862650316e-01,6.371759482583846390e-01,6.215268445580861556e-01,6.047563818044626727e-01,5.869769951160950239e-01,5.683053611200121757e-01,5.488611320697613927e-01,5.287656723210043541e-01,5.081408155906119717e-01,4.871076604631405238e-01,4.657854203390796588e-01,4.442903424810633051e-01,4.227347090510860106e-01,4.012259310912130172e-01,3.798657443321981630e-01,3.587495135695848991e-01,3.379656501755995968e-01,3.175951451659184133e-01,2.977112181587412976e-01,2.783790805909796551e-01,2.596558097293030776e-01,2.415903283632335474e-01,2.242234836182286639e-01,2.075882170972407903e-01
2.160139863036994179e-01,2.333244593385913335e-01,2.513962045240544785e-01,2.701949431950065872e-01,2.896781702877085363e-01,3.097949772923543899e-01,3.304859702410538613e-01,3.516832908389733725e-01,3.733107475670362496e-01,3.952840620765210589e-01,4.175112344783385443e-01,4.398930292285525567e-01,4.623235812590156257e-01,4.846911198358483941e-01,5.068788053920355585e-01,5.287656723210043541e-01,5.502276684861707734e-01,5.711387800494112099e-01,5.913722282021034449e-01,6.108017225476722878e-01,6.293027542839298993e-01,6.467539110124980173e-01,6.630381940014401509e-01,6.780443180795449054e-01,6.916679740722588843e-01,7.038130338171449951e-01,7.143926783285013959e-01,7.233304306140616591e-01,7.305610759690509548e-01,7.360314542618389133e-01,7.397011107490283344e-01,7.415427942752149670e-01,7.415427942752148560e-01,7.397011107490283344e-01,7.360314542618389133e-01,7.305610759690508438e-01,7.233304306140616591e-01,7.143926783285012849e-01,7.038130338171449951e-01,6.916679740722588843e-01,6.780443180795449054e-01,6.630381940014400399e-01,6.467539110124979063e-01,6.293027542839298993e-01,6.108017225476721768e-01,5.913722282021034449e-01,5.711387800494110989e-01,5.502276684861707734e-01,5.287656723210042431e-01,5.068788053920353365e-01,4.846911198358483941e-01,4.623235812590154592e-01,4.398930292285525567e-01,4.175112344783384333e-01,3.952840620765210589e-01,3.733107475670361941e-01,3.516832908389731505e-01,3.304859702410538058e-01,3.097949772923542233e-01,2.896781702877085363e-01,2.701949431950065317e-01,2.513962045240544785e-01,2.333244593385912780e-01,2.160139863036994179e-01
2.242234836182287194e-01,2.421918320264929148e-01,2.609503843308262905e-01,2.804635591236077641e-01,3.006872359586287846e-01,3.215685715750904450e-01,3.430459147687618948e-01,3.650488283262000588e-01,3.874982251099383657e-01,4.103066238171810820e-01,4.333785281517067434e-01,4.566109311752105104e-01,4.798939444736147752e-01,5.031115495254071535e-01,5.261424663376160771e-01,5.488611320697615037e-01,5.711387800494112099e-01,5.928446073491635548e-01,6.138470169988196057e-01,6.340149190020683001e-01,6.532190726655389135e-01,6.713334513768595135e-01,6.882366099291590267e-01,7.038130338171449951e-01,7.179544496512472174e-01,7.305610759690508438e-01,7.415427942752148560e-01,7.508202211098252699e-01,7.583256633177398731e-01,7.640039404446383742e-01,7.678130602859944975e-01,7.697247360206539435e-01,7.697247360206539435e-01,7.678130602859943865e-01,7.640039404446383742e-01,7.583256633177397621e-01,7.508202211098252699e-01,7.415427942752148560e-01,7.305610759690508438e-01,7.179544496512472174e-01,7.038130338171449951e-01,6.882366099291589157e-01,6.713334513768594025e-01,6.532190726655389135e-01,6.340149190020681891e-01,6.138470169988196057e-01,5.928446073491634438e-01,5.711387800494112099e-01,5.488611320697613927e-01,5.261424663376158550e-01,5.031115495254070424e-01,4.798939444736146642e-01,4.566109311752105104e-01,4.333785281517066879e-01,4.103066238171810820e-01,3.874982251099382546e-01,3.650488283261998923e-01,3.430459147687617838e-01,3.215685715750902229e-01,3.006872359586287846e-01,2.804635591236077086e-01,2.609503843308262905e-01,2.421918320264928592e-01,2.242234836182287194e-01
2.321669369239436342e-01,2.507718410321668756e-01,2.701949431950065872e-01,2.903994014800944101e-01,3.113395324082219306e-01,3.329606206667963253e-01,3.551988309651828990e-01,3.779812307459766707e-01,4.012259310912130728e-01,4.248423515416983598e-01,4.487316127016457989e-01,4.727870584574218049e-01,4.968949074330164528e-01,5.209350309767319942e-01,5.447818525698918668e-01,5.683053611200121757e-01,5.913722282021034449e-01,6.138470169988196057e-01,6.355934685198595391e-01,6.564758487091211236e-01,6.763603383277734249e-01,6.951164460816255941e-01,7.126184243851509947e-01,7.287466664584030251e-01,7.433890631645452274e-01,7.564422981331562212e-01,7.678130602859943865e-01,7.774191538849808403e-01,7.851904876433932756e-01,7.910699262565313861e-01,7.950139898830227425e-01,7.969933895986359706e-01,7.969933895986359706e-01,7.950139898830227425e-01,7.910699262565313861e-01,7.851904876433932756e-01,7.774191538849808403e-01,7.678130602859943865e-01,7.564422981331561102e-01,7.433890631645451164e-01,7.287466664584029141e-01,7.126184243851508837e-01,6.951164460816253721e-01,6.763603383277734249e-01,6.564758487091210126e-01,6.355934685198595391e-01,6.138470169988194947e-01,5.913722282021034449e-01,5.683053611200120647e-01,5.447818525698916448e-01,5.209350309767319942e-01,4.968949074330162863e-01,4.727870584574218049e-01,4.487316127016456879e-01,4.248423515416983598e-01,4.012259310912130172e-01,3.779812307459764487e-01,3.551988309651828435e-01,3.329606206667961033e-01,3.113395324082219306e-01,2.903994014800943546e-01,2.701949431950065872e-01,2.507718410321668201e-01,2.321669369239436342e-01
2.397947658497385504e-01,2.590109328173448855e-01,2.790721796810164412e-01,2.999404540692021115e-01,3.215685715750902784e-01,3.439000192182137816e-01,3.668688644038044511e-01,3.903997783802430899e-01,4.144081817747337082e-01,4.388005181132549892e-01,4.634746593241952928e-01,4.883204451145599090e-01,5.132203558289669676e-01,5.380503159970357885e-01,5.626806232921074402e-01,5.869769951160951349e-01,6.108017225476722878e-01,6.340149190020683001e-01,6.564758487091211236e-01,6.780443180795449054e-01,6.985821112525164578e-01,7.179544496512473284e-01,7.360314542618390243e-01,7.526895886317227502e-01,7.678130602859944975e-01,7.812951584019078854e-01,7.930395061720907357e-01,8.029612073230786295e-01,8.109878677236901368e-01,8.170604748926739713e-01,8.211341204614260869e-01,8.231785532201009170e-01,8.231785532201009170e-01,8.211341204614260869e-01,8.170604748926739713e-01,8.109878677236901368e-01,8.029612073230786295e-01,7.930395061720907357e-01,7.812951584019078854e-01,7.678130602859943865e-01,7.526895886317227502e-01,7.360314542618389133e-01,7.179544496512471063e-01,6.985821112525164578e-01,6.780443180795447944e-01,6.564758487091211236e-01,6.340149190020681891e-01,6.108017225476722878e-01,5.869769951160950239e-01,5.626806232921072182e-01,5.380503159970357885e-01,5.132203558289668566e-01,4.883204451145599090e-01,4.634746593241951818e-01,4.388005181132549892e-01,4.144081817747335972e-01,3.903997783802428678e-01,3.668688644038043956e-01,3.439000192182135596e-01,3.215685715750902784e-01,2.999404540692020560e-01,2.790721796810164412e-01,2.590109328173448300e-01,2.397947658497385504e-01
2.470580894609914757e-01,2.668563093302072642e-01,2.875252063546308579e-01,3.090255755658736780e-01,3.313088033532177179e-01,3.543166649721215533e-01,3.779812307459767262e-01,4.022248902340772592e-01,4.269605021755341068e-01,4.520916762940769273e-01,4.775131910842934091e-01,5.031115495254071535e-01,5.287656723210043541e-01,5.543477257856725959e-01,5.797240789416485685e-01,6.047563818044626727e-01,6.293027542839298993e-01,6.532190726655389135e-01,6.763603383277734249e-01,6.985821112525164578e-01,7.197419890550155186e-01,7.397011107490283344e-01,7.583256633177398731e-01,7.754883684202643623e-01,7.910699262565313861e-01,8.049603937596061520e-01,8.170604748926739713e-01,8.272827018953349265e-01,8.355524878362421415e-01,8.418090327608147572e-01,8.460060680371717101e-01,8.481124261538713904e-01,8.481124261538713904e-01,8.460060680371717101e-01,8.418090327608146461e-01,8.355524878362421415e-01,8.272827018953349265e-01,8.170604748926738603e-01,8.049603937596060410e-01,7.910699262565313861e-01,7.754883684202642513e-01,7.583256633177397621e-01,7.397011107490282233e-01,7.197419890550155186e-01,6.985821112525163468e-01,6.763603383277734249e-01,6.532190726655388024e-01,6.293027542839298993e-01,6.047563818044624506e-01,5.797240789416483464e-01,5.543477257856724849e-01,5.287656723210041321e-01,5.031115495254071535e-01,4.775131910842933536e-01,4.520916762940769273e-01,4.269605021755339958e-01,4.022248902340770371e-01,3.779812307459766152e-01,3.543166649721213868e-01,3.313088033532177179e-01,3.090255755658735115e-01,2.875252063546308579e-01,2.668563093302072642e-01,2.470580894609914757e-01
2.539092424408481707e-01,2.742564855513136557e-01,2.954985505126712653e-01,3.175951451659184133e-01,3.404963077992299580e-01,3.641421990411847776e-01,3.884630054614088279e-01,4.133789644087454973e-01,4.388005181132549892e-01,4.646286033057285825e-01,4.907550805895329327e-01,5.170633055648528043e-01,5.434288412926074896e-01,5.697203091391633833e-01,5.958003724141714974e-01,6.215268445580863776e-01,6.467539110124980173e-01,6.713334513768595135e-01,6.951164460816255941e-01,7.179544496512473284e-01,7.397011107490283344e-01,7.602137176430910914e-01,7.793547465559207410e-01,7.969933895986360817e-01,8.130070386756055312e-01,8.272827018953350375e-01,8.397183296486012694e-01,8.502240286118155632e-01,8.587231434879356584e-01,8.651531882825068687e-01,8.694666112910078848e-01,8.716313806976164758e-01,8.716313806976164758e-01,8.694666112910077738e-01,8.651531882825068687e-01,8.587231434879356584e-01,8.502240286118155632e-01,8.397183296486012694e-01,8.272827018953349265e-01,8.130070386756054202e-01,7.969933895986359706e-01,7.793547465559206300e-01,7.602137176430908694e-01,7.397011107490283344e-01,7.179544496512472174e-01,6.951164460816255941e-01,6.713334513768594025e-01,6.467539110124980173e-01,6.215268445580861556e-01,5.958003724141712754e-01,5.697203091391632723e-01,5.434288412926073786e-01,5.170633055648528043e-01,4.907550805895328216e-01,4.646286033057285825e-01,4.388005181132548782e-01,4.133789644087452753e-01,3.884630054614087169e-01,3.641421990411845000e-01,3.404963077992299580e-01,3.175951451659183022e-01,2.954985505126712653e-01,2.742564855513136002e-01,2.539092424408481707e-01
2.603022922346124313e-01,2.811618480798194764e-01,3.029387560335585206e-01,3.255917094413465773e-01,3.490694886311978551e-01,3.733107475670363051e-01,3.982439150221495083e-01,4.237872200427462710e-01,4.498488499300108412e-01,4.763272471517976392e-01,5.031115495254071535e-01,5.300821757218717734e-01,5.571115556686335735e-01,5.840650028172360564e-01,6.108017225476722878e-01,6.371759482583847500e-01,6.630381940014401509e-01,6.882366099291590267e-01,7.126184243851509947e-01,7.360314542618390243e-01,7.583256633177398731e-01,7.793547465559207410e-01,7.989777175586374458e-01,8.170604748926739713e-01,8.334773233764266598e-01,8.481124261538713904e-01,8.608611641613336252e-01,8.716313806976164758e-01,8.803444904015089723e-01,8.869364339759459037e-01,8.913584624365755715e-01,8.935777374550138985e-01,8.935777374550138985e-01,8.913584624365755715e-01,8.869364339759459037e-01,8.803444904015088612e-01,8.716313806976164758e-01,8.608611641613335141e-01,8.481124261538712794e-01,8.334773233764265488e-01,8.170604748926739713e-01,7.989777175586373348e-01,7.793547465559205190e-01,7.583256633177398731e-01,7.360314542618388023e-01,7.126184243851509947e-01,6.882366099291589157e-01,6.630381940014401509e-01,6.371759482583845280e-01,6.108017225476720657e-01,5.840650028172359454e-01,5.571115556686332404e-01,5.300821757218717734e-01,5.031115495254070424e-01,4.763272471517976392e-01,4.498488499300107857e-01,4.237872200427460490e-01,3.982439150221493973e-01,3.733107475670360276e-01,3.490694886311978551e-01,3.255917094413464663e-01,3.029387560335585206e-01,2.811618480798194764e-01,2.603022922346124313e-01
2.661935493754932214e-01,2.875252063546308579e-01,3.097949772923543343e-01,3.329606206667962143e-01,3.569697575835305559e-01,3.817596536004477792e-01,4.072571176645294888e-01,4.333785281517067434e-01,4.600299944244226058e-01,4.871076604631406348e-01,5.144981550114998692e-01,5.420791903319485128e-01,5.697203091391633833e-01,5.972837766092251588e-01,6.246256116065439512e-01,6.515967484862651427e-01,6.780443180795449054e-01,7.038130338171449951e-01,7.287466664584030251e-01,7.526895886317227502e-01,7.754883684202643623e-01,7.969933895986360817e-01,8.170604748926739713e-01,8.355524878362421415e-01,8.523408884681928921e-01,8.673072182702058486e-01,8.803444904015088612e-01,8.913584624365754605e-01,9.002687704414190639e-01,9.070099053054210270e-01,9.115320147392999006e-01,9.138015172055555801e-01,9.138015172055555801e-01,9.115320147392999006e-01,9.070099053054210270e-01,9.002687704414190639e-01,8.913584624365754605e-01,8.803444904015088612e-01,8.673072182702057376e-01,8.523408884681928921e-01,8.355524878362420305e-01,8.170604748926738603e-01,7.969933895986358596e-01,7.754883684202642513e-01,7.526895886317226392e-01,7.287466664584030251e-01,7.038130338171448841e-01,6.780443180795449054e-01,6.515967484862650316e-01,6.246256116065436181e-01,5.972837766092250478e-01,5.697203091391631613e-01,5.420791903319485128e-01,5.144981550114997582e-01,4.871076604631406348e-01,4.600299944244224948e-01,4.333785281517065768e-01,4.072571176645293223e-01,3.817596536004475016e-01,3.569697575835305559e-01,3.329606206667961588e-01,3.097949772923543343e-01,2.875252063546308023e-01,2.661935493754932214e-01
2.715420631045704081e-01,2.933023279913172243e-01,3.160195559612762883e-01,3.396506567516540120e-01,3.641421990411846665e-01,3.894301878913050685e-01,4.154399616523097305e-01,4.420862185264160527e-01,4.692731813714345335e-01,4.968949074330164528e-01,5.248357475343832235e-01,5.529709568625028604e-01,5.811674569093243647e-01,6.092847454037140231e-01,6.371759482583846390e-01,6.646890047159035309e-01,6.916679740722588843e-01,7.179544496512472174e-01,7.433890631645452274e-01,7.678130602859944975e-01,7.910699262565313861e-01,8.130070386756055312e-01,8.334773233764266598e-01,8.523408884681928921e-01,8.694666112910077738e-01,8.847336531899432366e-01,8.980328776831558724e-01,9.092681487721605560e-01,9.183574878046381063e-01,9.252340694232824569e-01,9.298470396779747738e-01,9.321621422916699373e-01,9.321621422916699373e-01,9.298470396779747738e-01,9.252340694232824569e-01,9.183574878046379952e-01,9.092681487721605560e-01,8.980328776831558724e-01,8.847336531899432366e-01,8.694666112910077738e-01,8.523408884681928921e-01,8.334773233764265488e-01,8.130070386756053091e-01,7.910699262565313861e-01,7.678130602859942755e-01,7.433890631645452274e-01,7.179544496512471063e-01,6.916679740722588843e-01,6.646890047159034198e-01,6.371759482583844170e-01,6.092847454037139121e-01,5.811674569093241427e-01,5.529709568625028604e-01,5.248357475343831124e-01,4.968949074330164528e-01,4.692731813714344224e-01,4.420862185264157751e-01,4.154399616523095640e-01,3.894301878913048465e-01,3.641421990411846665e-01,3.396506567516539565e-01,3.160195559612762883e-01,2.933023279913171133e-01,2.715420631045704081e-01
